7.562265253533994, 37.962289651479345, 9.780864053224871, 128, 34.219433131147824, 33.459402629086085, 128, 128, 20.26162341347965, 40, 40, 17.112512617693184, 30.358891278690713, 128, 128, 22.536334
10260987, 25.30154191753254, 128, 12.152389469530252, 40, 128, 8.124160852447853, 36.63090076721399, 21.092628928739376, 12.862775243124908, 40, 11.900665838404542, 10.100232000090642, 128, 9.91611655
7459034, 8.309172960060646, 128, 17.0719034418823, 9.778856860780616, 40, 63.321682112184355, 40, 6.626935322782249, 8.816954970576173, 128, 10.29349966366569, 14.215662718590295, 128, 40, 128, 13.838
219166168944, 6.2996077022276245, 6.698142962069016, 15.067254425924302, 128, 128, 7.46091470299052, 8.045734896152638, 15.97719794304477, 128, 18.573615459599992, 10.127061489295883, 12.4470498946413
6, 128, 15.202104923802034, 128, 128, 128, 40, 16.496253508449943, 40, 15.415288311165371, 29.82450039168922, 14.097150373903512, 20.578264475557987, 128, 128, 12.255563083599434, 44.79913228867959, 4
0, 7.212031446928679, 128, 22.974252518581114, 7.249361564272141, 30.039752799929232, 40, 40, 128, 9.225817818407743, 40, 128, 128, 40, 128, 40, 128, 9.969015931018944, 128, 128, 128, 40, 6.7869687685
92178, 13.17031589506369, 40, 40, 128, 29.221253799610828, 17.227701611781974, 128, 6.141455469024507, 128, 21.721986633209887, 7.160286318911866, 30.721182946040457, 15.170608842728779, 40, 40, 128,
128, 26.009845417583062, 29.323121983509765, 9.335565875794316, 128, 14.802016179963417, 40, 14.36473295857298, 11.083614579556366, 8.28788377647562, 40, 40, 29.63402020181374, 7.917871915371692, 9.70
2831264707246, 6.539281956827312, 128, 26.38832619842549, 7.329280310225874, 40, 14.509723009945478, 128, 128, 128, 128, 128, 128, 15.332110158888225, 26.033153938993536, 40, 40, 21.34779150396963, 18
.498667263155316, 41.47768801211902, 51.74899579216156, 6.4355437058901135, 23.720220252062393, 21.232557095969533, 13.17564212684221, 128, 128, 12.857586053854854, 9.8392191610966, 128, 40, 40, 10.70
0462765475862, 14.91849219020236, 128, 8.735723891160294, 128, 7.528941155472974, 128, 6.073466618596378, 128, 128, 11.263967401379677, 9.51092213794211, 128, 128, 40, 128, 128, 13.221010800921082, 40
, 40, 16.965496996326937, 128, 8.293202532564763, 128, 11.80761437304448, 128, 40, 8.63312784636344, 128, 40, 12.437026924754003, 10.2141536289713, 31.71526725970796, 40, 13.604065395485962, 7.1393284
30868206, 128, 128, 10.498452264296045, 128, 128, 27.131853726735613, 26.574000942064426, 128, 7.006376393443132, 40, 30.148844460344254, 128, 128, 128, 10.748236987100235, 40, 21.279564773056613, 7.5
55593026506384, 128, 128, 40, 40, 128, 13.366271485236386, 40, 128, 40.27266303915445, 17.62242410527211, 40.02055292608233, 56.68105925396692, 25.87861220229375, 13.78485453755593, 21.196122455097523
, 20.672421473186557, 128, 12.221073222041081, 128, 12.821324424707857, 128, 24.012363433492503, 6.955508652681993, 15.434565423744655, 128, 48.066981736163115, 12.292626842087241, 128, 35.81302185250
199, 11.32088810387355, 128, 40, 128, 10.568984126446683, 40, 128, 40, 40, 128, 40, 128, 13.056370024011514, 128, 40, 18.56526472857406, 11.430938550382518, 16.676761262405527, 9.42877022784623, 7.497
368749252046, 128, 128, 40, 128, 24.660439917449573, 128, 8.865214896410274, 40, 6.542346699533283, 8.930488194345283, 18.37889342420354, 6.077888951426971, 14.195345867685608, 13.44501370690811, 128,
 11.75544037781124, 14.704800458394573, 8.44668469624574, 9.930335771987767, 128, 128, 40, 128, 128, 23.573604882399184, 128, 13.093350022460413, 60.000646089149264, 22.67074018265614, 40, 10.13532879
9302528, 128, 25.493309981392738, 40, 7.87326857595674, 8.896874726988743, 10.289310450846045, 128, 40, 128, 17.560846035574407, 14.9400721574825, 11.621308184145397, 16.885399611569955, 7.69312073725
0662, 128, 14.329490642493262, 24.352291744437274, 128, 7.507330011583873, 40, 40, 9.354923840953692, 128, 40, 40, 128, 40, 40, 128, 128, 40, 27.58342654534738, 36.61210671482105, 128, 128, 128, 19.64
7786691124992, 10.492060786115653, 40, 40, 128, 20.15631759209996, 10.875106561116684, 17.13101686191497, 128, 9.748789192832167, 128, 10.168455114334975, 40, 128, 40, 14.085650612601773, 128, 14.4532
9424614445, 128, 128, 40, 128, 40, 34.53113896798695, 40, 6.293601696096243, 128, 40, 128, 8.698981670171518, 40, 128, 128, 40, 40, 8.924879407143386, 22.782918121338522, 128, 40, 10.894913993399289,
9.875582825286749, 128, 40, 16.595019498088128, 40, 40, 13.96840912239275, 11.090329118573296, 40, 128, 14.233104582126092, 40, 6.9904570491078974, 40, 21.9025234325369, 128, 6.101502290740022, 128, 1
28, 40, 21.56554476816641, 128, 128, 44.911108217826204, 7.3850485899318805, 27.67225004489539, 15.770411280794624, 31.878706140291207, 128, 40, 40, 40, 40, 128, 128, 11.724716579639333, 61.6975859377
4721, 40, 128, 20.49464044376487, 128, 15.036109845763376, 128, 128, 17.194145585566215, 128, 24.891552984540752, 40, 128, 10.23915363801355, 13.059007676511419, 128, 128, 16.991095055706168, 40, 16.0
2776691800674, 40, 128, 15.665060809908635, 40, 25.78683355223467, 128, 128, 40, 128, 19.615853579712752, 40, 128, 11.98479237223915, 6.144420262121738, 128, 15.76049529069726, 128, 40, 14.04835231598
705, 10.693962810455515, 128, 32.47558592659998, 11.19601704994015, 128, 8.500690187938414, 40, 10.553988141276346, 128, 128, 128, 128, 40, 40, 40, 128, 40, 7.067063240911091, 128, 128, 14.96787497594
3639, 6.5592167898573, 26.26083495938274, 40, 128, 10.195437742671537, 8.846630410738145, 10.042648342035159, 128, 20.797448651285507, 40, 9.210494592063846, 128, 128, 40, 12.33228810521046, 40, 15.00
8148668063903, 128, 128, 6.606887769446384, 40, 82.46227221196837, 40, 9.897859432814851, 14.403029296464773, 128, 128, 32.29076379126191, 29.803185998874152, 15.953671818718988, 31.13037992310816, 9.
562061372853208, 40, 40, 10.451660287247979
